Номер варианта: 1
№	x	y(x)
1	-3,50	-5,98
2	-3,15	-6,54
3	-2,80	-7,20
4	-2,45	-7,69
5	-2,10	-8,20
6	-1,75	-8,58
7	-1,40	-8,88
8	-1,05	-9,03
9	-0,70	-9,04
10	-0,35	-8,96
11	0,00	-8,76
12	0,35	-8,43
13	0,70	-8,00
14	1,05	-7,39
Номера точек для расчёта полинома 2-й степени по формуле Лагранжа: 1  7  13
 Номера точек для расчёта полинома 3-й степени по формуле Ньютона: 1  6  7  13


Номер варианта: 2
№	x	y(x)
1	-2,10	10,92
2	-1,70	10,79
3	-1,30	10,35
4	-0,90	9,96
5	-0,50	9,34
6	-0,10	8,66
7	0,30	8,00
8	0,70	7,22
9	1,10	6,39
10	1,50	5,55
11	1,90	4,71
12	2,30	3,98
13	2,70	3,22
Номера точек для расчёта полинома 2-й степени по формуле Лагранжа: 1  6  11
 Номера точек для расчёта полинома 3-й степени по формуле Ньютона: 1  5  6  12


Номер варианта: 3
№	x	y(x)
1	-2,40	8,41
2	-2,15	7,13
3	-1,90	5,82
4	-1,65	4,67
5	-1,40	3,58
6	-1,15	2,44
7	-0,90	1,34
8	-0,65	0,38
9	-0,40	-0,58
10	-0,15	-1,52
11	0,10	-2,35
12	0,35	-3,17
13	0,60	-3,95
Номера точек для расчёта полинома 2-й степени по формуле Лагранжа: 1  6  11
 Номера точек для расчёта полинома 3-й степени по формуле Ньютона: 1  4  7  12


Номер варианта: 4
№	x	y(x)
1	-2,30	6,17
2	-1,95	5,68
3	-1,60	5,32
4	-1,25	5,08
5	-0,90	5,07
6	-0,55	5,07
7	-0,20	5,18
8	0,15	5,36
9	0,50	5,60
10	0,85	5,97
11	1,20	6,33
Номера точек для расчёта полинома 2-й степени по формуле Лагранжа: 1  5  9
 Номера точек для расчёта полинома 3-й степени по формуле Ньютона: 1  5  9  10


Номер варианта: 5
№	x	y(x)
1	-3,00	12,69
2	-2,45	8,66
3	-1,90	4,77
4	-1,35	1,10
5	-0,80	-2,27
6	-0,25	-5,32
7	0,30	-8,08
8	0,85	-10,43
9	1,40	-12,30
10	1,95	-13,94
11	2,50	-15,12
12	3,05	-15,93
13	3,60	-16,50
Номера точек для расчёта полинома 2-й степени по формуле Лагранжа: 1  6  11
 Номера точек для расчёта полинома 3-й степени по формуле Ньютона: 1  2  7  12


Номер варианта: 6
№	x	y(x)
1	-2,30	-15,22
2	-2,00	-14,76
3	-1,70	-14,09
4	-1,40	-13,33
5	-1,10	-12,54
6	-0,80	-11,54
7	-0,50	-10,45
8	-0,20	-9,23
9	0,10	-7,90
10	0,40	-6,42
11	0,70	-4,84
Номера точек для расчёта полинома 2-й степени по формуле Лагранжа: 1  5  9
 Номера точек для расчёта полинома 3-й степени по формуле Ньютона: 1  5  8  10


Номер варианта: 7
№	x	y(x)
1	-1,60	1,91
2	-1,10	-0,34
3	-0,60	-2,10
4	-0,10	-3,47
5	0,40	-4,33
6	0,90	-4,80
7	1,40	-4,74
8	1,90	-4,28
9	2,40	-3,34
10	2,90	-1,91
11	3,40	-0,10
12	3,90	2,24
13	4,40	5,00
14	4,90	8,19
Номера точек для расчёта полинома 2-й степени по формуле Лагранжа: 1  7  13
 Номера точек для расчёта полинома 3-й степени по формуле Ньютона: 1  4  8  13


Номер варианта: 8
№	x	y(x)
1	-3,30	-8,44
2	-3,00	-8,93
3	-2,70	-9,20
4	-2,40	-9,36
5	-2,10	-9,36
6	-1,80	-9,38
7	-1,50	-9,21
8	-1,20	-8,93
9	-0,90	-8,53
10	-0,60	-7,99
11	-0,30	-7,30
12	0,00	-6,63
Номера точек для расчёта полинома 2-й степени по формуле Лагранжа: 1  6  11
 Номера точек для расчёта полинома 3-й степени по формуле Ньютона: 1  4  6  11


Номер варианта: 9
№	x	y(x)
1	-2,90	-6,80
2	-2,55	-5,97
3	-2,20	-5,21
4	-1,85	-4,59
5	-1,50	-4,05
6	-1,15	-3,54
7	-0,80	-3,08
8	-0,45	-2,64
9	-0,10	-2,26
10	0,25	-1,87
11	0,60	-1,41
12	0,95	-0,83
Номера точек для расчёта полинома 2-й степени по формуле Лагранжа: 1  6  11
 Номера точек для расчёта полинома 3-й степени по формуле Ньютона: 1  6  8  11


Номер варианта: 10
№	x	y(x)
1	-1,80	3,92
2	-1,30	3,10
3	-0,80	2,50
4	-0,30	2,31
5	0,20	2,59
6	0,70	3,47
7	1,20	4,77
8	1,70	6,81
9	2,20	9,64
10	2,70	13,42
11	3,20	18,07
12	3,70	23,86
13	4,20	30,98
14	4,70	39,49
15	5,20	49,55
16	5,70	61,50
Номера точек для расчёта полинома 2-й степени по формуле Лагранжа: 1  8  15
 Номера точек для расчёта полинома 3-й степени по формуле Ньютона: 1  6  12  15


Номер варианта: 11
№	x	y(x)
1	-2,50	-3,33
2	-2,15	-1,37
3	-1,80	0,49
4	-1,45	2,20
5	-1,10	3,78
6	-0,75	5,05
7	-0,40	6,16
8	-0,05	6,99
9	0,30	7,60
10	0,65	8,02
11	1,00	8,24
12	1,35	8,19
13	1,70	7,99
14	2,05	7,54
15	2,40	6,85
Номера точек для расчёта полинома 2-й степени по формуле Лагранжа: 1  7  13
 Номера точек для расчёта полинома 3-й степени по формуле Ньютона: 1  7  8  14


Номер варианта: 12
№	x	y(x)
1	-2,10	7,24
2	-1,60	5,03
3	-1,10	3,52
4	-0,60	2,55
5	-0,10	2,04
6	0,40	1,95
7	0,90	2,19
8	1,40	2,75
9	1,90	3,43
10	2,40	4,23
11	2,90	5,15
12	3,40	5,92
13	3,90	6,67
14	4,40	7,16
Номера точек для расчёта полинома 2-й степени по формуле Лагранжа: 1  7  13
 Номера точек для расчёта полинома 3-й степени по формуле Ньютона: 1  5  7  13


Номер варианта: 13
№	x	y(x)
1	-1,80	2,05
2	-1,35	1,01
3	-0,90	-0,18
4	-0,45	-1,58
5	0,00	-3,01
6	0,45	-4,46
7	0,90	-5,97
8	1,35	-7,58
9	1,80	-9,01
10	2,25	-10,47
11	2,70	-11,83
12	3,15	-13,12
13	3,60	-14,22
14	4,05	-15,25
15	4,50	-16,19
16	4,95	-16,84
Номера точек для расчёта полинома 2-й степени по формуле Лагранжа: 1  8  15
 Номера точек для расчёта полинома 3-й степени по формуле Ньютона: 1  4  11  15


Номер варианта: 14
№	x	y(x)
1	-2,20	11,01
2	-1,70	8,15
3	-1,20	5,47
4	-0,70	2,91
5	-0,20	0,60
6	0,30	-1,62
7	0,80	-3,64
8	1,30	-5,50
9	1,80	-7,22
10	2,30	-8,70
11	2,80	-10,11
12	3,30	-11,31
Номера точек для расчёта полинома 2-й степени по формуле Лагранжа: 1  6  11
 Номера точек для расчёта полинома 3-й степени по формуле Ньютона: 1  4  7  11


Номер варианта: 15
№	x	y(x)
1	-2,70	-0,24
2	-2,40	-1,05
3	-2,10	-1,88
4	-1,80	-2,74
5	-1,50	-3,62
6	-1,20	-4,57
7	-0,90	-5,53
8	-0,60	-6,60
9	-0,30	-7,62
10	0,00	-8,69
11	0,30	-9,81
12	0,60	-10,98
13	0,90	-12,21
Номера точек для расчёта полинома 2-й степени по формуле Лагранжа: 1  6  11
 Номера точек для расчёта полинома 3-й степени по формуле Ньютона: 1  4  10  12


Номер варианта: 16
№	x	y(x)
1	-2,10	-8,22
2	-1,65	-5,81
3	-1,20	-3,75
4	-0,75	-2,00
5	-0,30	-0,55
6	0,15	0,68
7	0,60	1,52
8	1,05	2,14
9	1,50	2,43
10	1,95	2,46
11	2,40	2,20
Номера точек для расчёта полинома 2-й степени по формуле Лагранжа: 1  5  9
 Номера точек для расчёта полинома 3-й степени по формуле Ньютона: 1  6  7  10


Номер варианта: 17
№	x	y(x)
1	-2,90	7,67
2	-2,60	7,70
3	-2,30	7,46
4	-2,00	6,97
5	-1,70	6,44
6	-1,40	5,68
7	-1,10	4,72
8	-0,80	3,71
9	-0,50	2,47
10	-0,20	1,23
11	0,10	-0,28
12	0,40	-1,77
Номера точек для расчёта полинома 2-й степени по формуле Лагранжа: 1  6  11
 Номера точек для расчёта полинома 3-й степени по формуле Ньютона: 1  2  5  11


Номер варианта: 18
№	x	y(x)
1	-2,60	5,38
2	-2,15	5,44
3	-1,70	5,75
4	-1,25	6,46
5	-0,80	7,45
6	-0,35	8,72
7	0,10	10,22
8	0,55	11,92
9	1,00	13,89
10	1,45	16,02
11	1,90	18,20
Номера точек для расчёта полинома 2-й степени по формуле Лагранжа: 1  5  9
 Номера точек для расчёта полинома 3-й степени по формуле Ньютона: 1  2  4  10


Номер варианта: 19
№	x	y(x)
1	-2,50	11,47
2	-2,10	9,46
3	-1,70	7,46
4	-1,30	5,66
5	-0,90	3,93
6	-0,50	2,31
7	-0,10	0,70
8	0,30	-0,78
9	0,70	-2,10
10	1,10	-3,35
11	1,50	-4,54
12	1,90	-5,58
13	2,30	-6,60
14	2,70	-7,54
Номера точек для расчёта полинома 2-й степени по формуле Лагранжа: 1  7  13
 Номера точек для расчёта полинома 3-й степени по формуле Ньютона: 1  7  11  13


Номер варианта: 20
№	x	y(x)
1	-3,50	-15,56
2	-3,20	-14,30
3	-2,90	-13,11
4	-2,60	-12,03
5	-2,30	-11,11
6	-2,00	-10,17
7	-1,70	-9,43
8	-1,40	-8,74
9	-1,10	-8,13
10	-0,80	-7,65
11	-0,50	-7,27
12	-0,20	-6,98
13	0,10	-6,73
14	0,40	-6,64
Номера точек для расчёта полинома 2-й степени по формуле Лагранжа: 1  7  13
 Номера точек для расчёта полинома 3-й степени по формуле Ньютона: 1  7  9  13


Номер варианта: 21
№	x	y(x)
1	-1,90	-13,05
2	-1,50	-10,36
3	-1,10	-8,12
4	-0,70	-6,14
5	-0,30	-4,49
6	0,10	-3,13
7	0,50	-2,07
8	0,90	-1,18
9	1,30	-0,56
10	1,70	-0,13
11	2,10	0,05
12	2,50	0,17
13	2,90	0,10
14	3,30	-0,17
Номера точек для расчёта полинома 2-й степени по формуле Лагранжа: 1  7  13
 Номера точек для расчёта полинома 3-й степени по формуле Ньютона: 1  6  8  13


Номер варианта: 22
№	x	y(x)
1	-2,60	-5,41
2	-2,10	-5,14
3	-1,60	-4,74
4	-1,10	-4,19
5	-0,60	-3,44
6	-0,10	-2,48
7	0,40	-1,15
8	0,90	0,40
9	1,40	2,44
10	1,90	4,74
11	2,40	7,59
12	2,90	10,84
13	3,40	14,64
Номера точек для расчёта полинома 2-й степени по формуле Лагранжа: 1  6  11
 Номера точек для расчёта полинома 3-й степени по формуле Ньютона: 1  5  6  12


Номер варианта: 23
№	x	y(x)
1	-1,60	-6,58
2	-1,35	-6,41
3	-1,10	-6,17
4	-0,85	-5,97
5	-0,60	-5,74
6	-0,35	-5,49
7	-0,10	-5,25
8	0,15	-4,92
9	0,40	-4,65
10	0,65	-4,40
11	0,90	-4,03
12	1,15	-3,73
13	1,40	-3,35
14	1,65	-3,00
Номера точек для расчёта полинома 2-й степени по формуле Лагранжа: 1  7  13
 Номера точек для расчёта полинома 3-й степени по формуле Ньютона: 1  5  10  13


Номер варианта: 24
№	x	y(x)
1	-2,50	-2,77
2	-1,95	-2,01
3	-1,40	-1,09
4	-0,85	-0,08
5	-0,30	0,93
6	0,25	2,18
7	0,80	3,44
8	1,35	4,72
9	1,90	6,18
10	2,45	7,65
11	3,00	9,20
12	3,55	10,77
Номера точек для расчёта полинома 2-й степени по формуле Лагранжа: 1  6  11
 Номера точек для расчёта полинома 3-й степени по формуле Ньютона: 1  2  7  11


Номер варианта: 25
№	x	y(x)
1	-2,40	-3,37
2	-2,15	-3,30
3	-1,90	-3,23
4	-1,65	-3,16
5	-1,40	-3,10
6	-1,15	-3,14
7	-0,90	-3,16
8	-0,65	-3,28
9	-0,40	-3,41
10	-0,15	-3,56
11	0,10	-3,79
12	0,35	-4,08
13	0,60	-4,42
Номера точек для расчёта полинома 2-й степени по формуле Лагранжа: 1  6  11
 Номера точек для расчёта полинома 3-й степени по формуле Ньютона: 1  3  9  12


Номер варианта: 26
№	x	y(x)
1	-1,80	4,90
2	-1,50	4,64
3	-1,20	4,43
4	-0,90	4,38
5	-0,60	4,43
6	-0,30	4,47
7	0,00	4,66
8	0,30	4,90
9	0,60	5,17
10	0,90	5,42
11	1,20	5,80
12	1,50	6,19
Номера точек для расчёта полинома 2-й степени по формуле Лагранжа: 1  6  11
 Номера точек для расчёта полинома 3-й степени по формуле Ньютона: 1  5  8  11


Номер варианта: 27
№	x	y(x)
1	-2,00	-1,67
2	-1,55	-2,14
3	-1,10	-2,81
4	-0,65	-3,61
5	-0,20	-4,63
6	0,25	-5,97
7	0,70	-7,64
8	1,15	-9,73
9	1,60	-12,14
10	2,05	-15,07
11	2,50	-18,50
Номера точек для расчёта полинома 2-й степени по формуле Лагранжа: 1  5  9
 Номера точек для расчёта полинома 3-й степени по формуле Ньютона: 1  4  9  10


Номер варианта: 28
№	x	y(x)
1	-2,50	-1,52
2	-2,05	1,24
3	-1,60	3,72
4	-1,15	5,81
5	-0,70	7,63
6	-0,25	9,17
7	0,20	10,46
8	0,65	11,47
9	1,10	12,14
10	1,55	12,49
11	2,00	12,51
12	2,45	12,26
13	2,90	11,53
14	3,35	10,37
Номера точек для расчёта полинома 2-й степени по формуле Лагранжа: 1  7  13
 Номера точек для расчёта полинома 3-й степени по формуле Ньютона: 1  5  7  13


Номер варианта: 29
№	x	y(x)
1	-2,10	-1,29
2	-1,55	0,58
3	-1,00	2,16
4	-0,45	3,54
5	0,10	4,47
6	0,65	5,01
7	1,20	4,90
8	1,75	4,24
9	2,30	2,79
10	2,85	0,40
11	3,40	-3,05
Номера точек для расчёта полинома 2-й степени по формуле Лагранжа: 1  5  9
 Номера точек для расчёта полинома 3-й степени по формуле Ньютона: 1  2  6  10


Номер варианта: 30
№	x	y(x)
1	-1,60	11,06
2	-1,25	9,49
3	-0,90	8,15
4	-0,55	7,14
5	-0,20	6,23
6	0,15	5,58
7	0,50	5,17
8	0,85	4,80
9	1,20	4,67
10	1,55	4,57
11	1,90	4,57
12	2,25	4,58
13	2,60	4,60
Номера точек для расчёта полинома 2-й степени по формуле Лагранжа: 1  6  11
 Номера точек для расчёта полинома 3-й степени по формуле Ньютона: 1  3  7  12


Номер варианта: 31
№	x	y(x)
1	-2,40	15,22
2	-2,00	12,38
3	-1,60	9,96
4	-1,20	7,78
5	-0,80	5,91
6	-0,40	4,46
7	0,00	3,18
8	0,40	2,35
9	0,80	1,67
10	1,20	1,38
11	1,60	1,38
12	2,00	1,71
13	2,40	2,18
14	2,80	2,96
15	3,20	3,95
16	3,60	5,20
Номера точек для расчёта полинома 2-й степени по формуле Лагранжа: 1  8  15
 Номера точек для расчёта полинома 3-й степени по формуле Ньютона: 1  6  9  15


Номер варианта: 32
№	x	y(x)
1	-2,60	10,30
2	-2,30	8,24
3	-2,00	6,39
4	-1,70	4,65
5	-1,40	3,15
6	-1,10	1,74
7	-0,80	0,48
8	-0,50	-0,57
9	-0,20	-1,51
10	0,10	-2,33
11	0,40	-2,91
12	0,70	-3,43
13	1,00	-3,69
14	1,30	-3,89
15	1,60	-3,88
16	1,90	-3,60
Номера точек для расчёта полинома 2-й степени по формуле Лагранжа: 1  8  15
 Номера точек для расчёта полинома 3-й степени по формуле Ньютона: 1  3  9  15


Номер варианта: 33
№	x	y(x)
1	-3,40	-4,40
2	-2,85	-3,71
3	-2,30	-2,52
4	-1,75	-1,02
5	-1,20	0,65
6	-0,65	2,42
7	-0,10	4,08
8	0,45	5,58
9	1,00	6,92
10	1,55	7,95
11	2,10	8,66
12	2,65	9,17
13	3,20	9,32
Номера точек для расчёта полинома 2-й степени по формуле Лагранжа: 1  6  11
 Номера точек для расчёта полинома 3-й степени по формуле Ньютона: 1  3  6  12


Номер варианта: 34
№	x	y(x)
1	-2,30	1,32
2	-1,75	-0,18
3	-1,20	-1,98
4	-0,65	-3,87
5	-0,10	-5,99
6	0,45	-8,29
7	1,00	-10,76
8	1,55	-13,56
9	2,10	-16,58
10	2,65	-20,06
11	3,20	-23,99
12	3,75	-28,45
13	4,30	-33,51
14	4,85	-39,22
15	5,40	-45,52
Номера точек для расчёта полинома 2-й степени по формуле Лагранжа: 1  7  13
 Номера точек для расчёта полинома 3-й степени по формуле Ньютона: 1  5  9  14


Номер варианта: 35
№	x	y(x)
1	-3,00	-19,04
2	-2,75	-17,40
3	-2,50	-15,92
4	-2,25	-14,58
5	-2,00	-13,23
6	-1,75	-12,02
7	-1,50	-10,93
8	-1,25	-9,86
9	-1,00	-8,83
10	-0,75	-7,88
11	-0,50	-6,91
12	-0,25	-6,06
13	0,00	-5,13
Номера точек для расчёта полинома 2-й степени по формуле Лагранжа: 1  6  11
 Номера точек для расчёта полинома 3-й степени по формуле Ньютона: 1  4  9  12


Номер варианта: 36
№	x	y(x)
1	-1,80	-6,26
2	-1,40	-7,00
3	-1,00	-7,75
4	-0,60	-8,50
5	-0,20	-9,14
6	0,20	-9,77
7	0,60	-10,34
8	1,00	-10,85
9	1,40	-11,36
10	1,80	-11,84
11	2,20	-12,28
12	2,60	-12,88
13	3,00	-13,52
14	3,40	-14,36
15	3,80	-15,61
16	4,20	-17,27
Номера точек для расчёта полинома 2-й степени по формуле Лагранжа: 1  8  15
 Номера точек для расчёта полинома 3-й степени по формуле Ньютона: 1  4  9  15


Номер варианта: 37
№	x	y(x)
1	-2,50	-13,18
2	-2,25	-11,54
3	-2,00	-9,98
4	-1,75	-8,42
5	-1,50	-6,98
6	-1,25	-5,53
7	-1,00	-4,12
8	-0,75	-2,84
9	-0,50	-1,60
10	-0,25	-0,35
11	0,00	0,87
12	0,25	1,97
13	0,50	3,08
14	0,75	4,22
15	1,00	5,30
16	1,25	6,45
Номера точек для расчёта полинома 2-й степени по формуле Лагранжа: 1  8  15
 Номера точек для расчёта полинома 3-й степени по формуле Ньютона: 1  4  11  15


Номер варианта: 38
№	x	y(x)
1	-3,10	-14,92
2	-2,80	-12,16
3	-2,50	-9,62
4	-2,20	-7,41
5	-1,90	-5,39
6	-1,60	-3,61
7	-1,30	-2,04
8	-1,00	-0,68
9	-0,70	0,45
10	-0,40	1,41
11	-0,10	2,15
12	0,20	2,78
13	0,50	3,17
14	0,80	3,53
15	1,10	3,69
16	1,40	3,63
Номера точек для расчёта полинома 2-й степени по формуле Лагранжа: 1  8  15
 Номера точек для расчёта полинома 3-й степени по формуле Ньютона: 1  4  7  15


Номер варианта: 39
№	x	y(x)
1	-3,50	-8,58
2	-3,00	-9,63
3	-2,50	-10,34
4	-2,00	-10,67
5	-1,50	-10,61
6	-1,00	-10,24
7	-0,50	-9,39
8	0,00	-8,13
9	0,50	-6,55
10	1,00	-4,61
11	1,50	-2,22
12	2,00	0,60
13	2,50	3,76
Номера точек для расчёта полинома 2-й степени по формуле Лагранжа: 1  6  11
 Номера точек для расчёта полинома 3-й степени по формуле Ньютона: 1  2  5  12


Номер варианта: 40
№	x	y(x)
1	-2,40	-10,46
2	-2,00	-10,99
3	-1,60	-11,18
4	-1,20	-11,21
5	-0,80	-10,97
6	-0,40	-10,52
7	0,00	-9,88
8	0,40	-9,15
9	0,80	-8,26
10	1,20	-7,25
11	1,60	-6,29
Номера точек для расчёта полинома 2-й степени по формуле Лагранжа: 1  5  9
 Номера точек для расчёта полинома 3-й степени по формуле Ньютона: 1  4  5  10


Номер варианта: 41
№	x	y(x)
1	-3,20	-1,49
2	-2,70	-1,58
3	-2,20	-2,24
4	-1,70	-3,35
5	-1,20	-4,72
6	-0,70	-6,45
7	-0,20	-8,34
8	0,30	-10,33
9	0,80	-12,33
10	1,30	-14,54
11	1,80	-16,71
12	2,30	-18,92
13	2,80	-21,28
14	3,30	-23,64
15	3,80	-26,21
Номера точек для расчёта полинома 2-й степени по формуле Лагранжа: 1  7  13
 Номера точек для расчёта полинома 3-й степени по формуле Ньютона: 1  7  11  14


Номер варианта: 42
№	x	y(x)
1	-3,10	10,02
2	-2,70	8,03
3	-2,30	6,45
4	-1,90	5,09
5	-1,50	4,05
6	-1,10	3,42
7	-0,70	3,06
8	-0,30	2,97
9	0,10	3,17
10	0,50	3,78
11	0,90	4,67
12	1,30	5,81
13	1,70	7,34
14	2,10	9,15
Номера точек для расчёта полинома 2-й степени по формуле Лагранжа: 1  7  13
 Номера точек для расчёта полинома 3-й степени по формуле Ньютона: 1  3  9  13


Номер варианта: 43
№	x	y(x)
1	-1,50	7,29
2	-1,05	7,71
3	-0,60	8,34
4	-0,15	9,08
5	0,30	10,00
6	0,75	10,96
7	1,20	12,00
8	1,65	12,99
9	2,10	13,88
10	2,55	14,65
11	3,00	15,07
Номера точек для расчёта полинома 2-й степени по формуле Лагранжа: 1  5  9
 Номера точек для расчёта полинома 3-й степени по формуле Ньютона: 1  4  9  10


Номер варианта: 44
№	x	y(x)
1	-3,50	23,56
2	-3,15	20,14
3	-2,80	17,03
4	-2,45	14,22
5	-2,10	11,59
6	-1,75	9,25
7	-1,40	7,10
8	-1,05	5,10
9	-0,70	3,26
10	-0,35	1,58
11	0,00	0,01
12	0,35	-1,40
13	0,70	-2,81
14	1,05	-4,05
15	1,40	-5,36
Номера точек для расчёта полинома 2-й степени по формуле Лагранжа: 1  7  13
 Номера точек для расчёта полинома 3-й степени по формуле Ньютона: 1  7  10  14


Номер варианта: 45
№	x	y(x)
1	-2,00	-15,08
2	-1,60	-12,79
3	-1,20	-10,64
4	-0,80	-8,68
5	-0,40	-6,85
6	0,00	-5,17
7	0,40	-3,66
8	0,80	-2,35
9	1,20	-1,23
10	1,60	-0,38
11	2,00	0,36
12	2,40	0,85
13	2,80	1,25
14	3,20	1,37
15	3,60	1,43
Номера точек для расчёта полинома 2-й степени по формуле Лагранжа: 1  7  13
 Номера точек для расчёта полинома 3-й степени по формуле Ньютона: 1  6  11  14


Номер варианта: 46
№	x	y(x)
1	-2,40	-4,85
2	-2,05	-3,99
3	-1,70	-2,98
4	-1,35	-1,91
5	-1,00	-0,75
6	-0,65	0,45
7	-0,30	1,81
8	0,05	3,12
9	0,40	4,63
10	0,75	6,21
11	1,10	7,83
12	1,45	9,51
13	1,80	11,30
Номера точек для расчёта полинома 2-й степени по формуле Лагранжа: 1  6  11
 Номера точек для расчёта полинома 3-й степени по формуле Ньютона: 1  4  10  12


Номер варианта: 47
№	x	y(x)
1	-2,50	-7,33
2	-2,25	-6,86
3	-2,00	-6,49
4	-1,75	-6,18
5	-1,50	-5,95
6	-1,25	-5,88
7	-1,00	-5,78
8	-0,75	-5,82
9	-0,50	-6,01
10	-0,25	-6,26
11	0,00	-6,52
12	0,25	-7,01
13	0,50	-7,48
Номера точек для расчёта полинома 2-й степени по формуле Лагранжа: 1  6  11
 Номера точек для расчёта полинома 3-й степени по формуле Ньютона: 1  5  8  12


Номер варианта: 48
№	x	y(x)
1	-3,10	9,99
2	-2,70	9,30
3	-2,30	8,61
4	-1,90	8,20
5	-1,50	7,83
6	-1,10	7,65
7	-0,70	7,55
8	-0,30	7,73
9	0,10	8,12
10	0,50	8,73
11	0,90	9,59
12	1,30	10,69
13	1,70	12,06
14	2,10	13,78
15	2,50	15,84
Номера точек для расчёта полинома 2-й степени по формуле Лагранжа: 1  7  13
 Номера точек для расчёта полинома 3-й степени по формуле Ньютона: 1  4  8  14


Номер варианта: 49
№	x	y(x)
1	-3,00	4,68
2	-2,55	1,95
3	-2,10	-0,38
4	-1,65	-2,37
5	-1,20	-4,03
6	-0,75	-5,53
7	-0,30	-6,94
8	0,15	-8,18
9	0,60	-9,37
10	1,05	-10,54
11	1,50	-11,71
12	1,95	-12,80
13	2,40	-14,02
14	2,85	-15,09
Номера точек для расчёта полинома 2-й степени по формуле Лагранжа: 1  7  13
 Номера точек для расчёта полинома 3-й степени по формуле Ньютона: 1  6  11  13


Номер варианта: 50
№	x	y(x)
1	-2,00	19,51
2	-1,55	15,96
3	-1,10	12,93
4	-0,65	10,27
5	-0,20	8,02
6	0,25	6,24
7	0,70	4,73
8	1,15	3,53
9	1,60	2,56
10	2,05	1,86
11	2,50	1,48
12	2,95	1,30
13	3,40	1,45
14	3,85	1,93
Номера точек для расчёта полинома 2-й степени по формуле Лагранжа: 1  7  13
 Номера точек для расчёта полинома 3-й степени по формуле Ньютона: 1  4  8  13


Номер варианта: 51
№	x	y(x)
1	-2,30	-18,66
2	-1,90	-16,60
3	-1,50	-14,61
4	-1,10	-12,68
5	-0,70	-10,71
6	-0,30	-8,78
7	0,10	-6,99
8	0,50	-5,30
9	0,90	-3,59
10	1,30	-2,05
11	1,70	-0,49
12	2,10	1,02
13	2,50	2,34
14	2,90	3,71
15	3,30	5,05
16	3,70	6,23
Номера точек для расчёта полинома 2-й степени по формуле Лагранжа: 1  8  15
 Номера точек для расчёта полинома 3-й степени по формуле Ньютона: 1  6  10  15


Номер варианта: 52
№	x	y(x)
1	-2,30	0,19
2	-2,00	0,45
3	-1,70	0,63
4	-1,40	0,72
5	-1,10	0,87
6	-0,80	0,99
7	-0,50	1,08
8	-0,20	1,07
9	0,10	0,93
10	0,40	0,73
11	0,70	0,52
12	1,00	0,09
13	1,30	-0,44
14	1,60	-1,14
Номера точек для расчёта полинома 2-й степени по формуле Лагранжа: 1  7  13
 Номера точек для расчёта полинома 3-й степени по формуле Ньютона: 1  4  6  13


Номер варианта: 53
№	x	y(x)
1	-3,00	-14,92
2	-2,45	-13,58
3	-1,90	-12,31
4	-1,35	-11,04
5	-0,80	-9,75
6	-0,25	-8,60
7	0,30	-7,47
8	0,85	-6,35
9	1,40	-5,30
10	1,95	-4,37
11	2,50	-3,34
12	3,05	-2,45
13	3,60	-1,60
14	4,15	-0,75
15	4,70	0,07
16	5,25	0,79
Номера точек для расчёта полинома 2-й степени по формуле Лагранжа: 1  8  15
 Номера точек для расчёта полинома 3-й степени по формуле Ньютона: 1  5  9  15


Номер варианта: 54
№	x	y(x)
1	-2,60	23,22
2	-2,05	18,78
3	-1,50	14,75
4	-0,95	11,17
5	-0,40	8,17
6	0,15	5,68
7	0,70	3,85
8	1,25	2,59
9	1,80	1,85
10	2,35	1,81
11	2,90	2,45
Номера точек для расчёта полинома 2-й степени по формуле Лагранжа: 1  5  9
 Номера точек для расчёта полинома 3-й степени по формуле Ньютона: 1  2  7  10


Номер варианта: 55
№	x	y(x)
1	-2,30	2,49
2	-2,05	2,90
3	-1,80	3,21
4	-1,55	3,51
5	-1,30	3,81
6	-1,05	4,02
7	-0,80	4,29
8	-0,55	4,43
9	-0,30	4,56
10	-0,05	4,65
11	0,20	4,69
12	0,45	4,75
13	0,70	4,79
Номера точек для расчёта полинома 2-й степени по формуле Лагранжа: 1  6  11
 Номера точек для расчёта полинома 3-й степени по формуле Ньютона: 1  2  6  12


Номер варианта: 56
№	x	y(x)
1	-3,20	-4,93
2	-2,75	-4,76
3	-2,30	-4,40
4	-1,85	-4,11
5	-1,40	-3,87
6	-0,95	-3,62
7	-0,50	-3,57
8	-0,05	-3,70
9	0,40	-4,04
10	0,85	-4,67
11	1,30	-5,58
12	1,75	-7,00
13	2,20	-8,76
Номера точек для расчёта полинома 2-й степени по формуле Лагранжа: 1  6  11
 Номера точек для расчёта полинома 3-й степени по формуле Ньютона: 1  6  9  12


Номер варианта: 57
№	x	y(x)
1	-2,60	-6,61
2	-2,30	-5,31
3	-2,00	-4,03
4	-1,70	-2,93
5	-1,40	-2,04
6	-1,10	-1,16
7	-0,80	-0,41
8	-0,50	0,23
9	-0,20	0,84
10	0,10	1,29
11	0,40	1,77
12	0,70	2,23
13	1,00	2,60
14	1,30	2,91
15	1,60	3,22
16	1,90	3,48
Номера точек для расчёта полинома 2-й степени по формуле Лагранжа: 1  8  15
 Номера точек для расчёта полинома 3-й степени по формуле Ньютона: 1  5  8  15


Номер варианта: 58
№	x	y(x)
1	-2,50	-7,38
2	-2,05	-6,73
3	-1,60	-6,08
4	-1,15	-5,42
5	-0,70	-4,68
6	-0,25	-3,97
7	0,20	-3,31
8	0,65	-2,64
9	1,10	-2,14
10	1,55	-1,77
11	2,00	-1,52
12	2,45	-1,55
Номера точек для расчёта полинома 2-й степени по формуле Лагранжа: 1  6  11
 Номера точек для расчёта полинома 3-й степени по формуле Ньютона: 1  6  9  11


Номер варианта: 59
№	x	y(x)
1	-3,20	0,79
2	-2,75	0,23
3	-2,30	-0,34
4	-1,85	-1,02
5	-1,40	-1,77
6	-0,95	-2,59
7	-0,50	-3,42
8	-0,05	-4,33
9	0,40	-5,26
10	0,85	-6,27
11	1,30	-7,33
12	1,75	-8,57
13	2,20	-9,95
14	2,65	-11,67
15	3,10	-13,61
Номера точек для расчёта полинома 2-й степени по формуле Лагранжа: 1  7  13
 Номера точек для расчёта полинома 3-й степени по формуле Ньютона: 1  3  10  14


Номер варианта: 60
№	x	y(x)
1	-1,70	0,81
2	-1,20	1,80
3	-0,70	3,32
4	-0,20	5,27
5	0,30	7,86
6	0,80	10,80
7	1,30	14,19
8	1,80	17,93
9	2,30	21,98
10	2,80	26,18
11	3,30	30,48
12	3,80	34,72
13	4,30	38,85
14	4,80	42,68
15	5,30	46,09
16	5,80	49,02
Номера точек для расчёта полинома 2-й степени по формуле Лагранжа: 1  8  15
 Номера точек для расчёта полинома 3-й степени по формуле Ньютона: 1  4  10  15


Номер варианта: 61
№	x	y(x)
1	-2,50	-6,34
2	-2,05	-7,30
3	-1,60	-8,01
4	-1,15	-8,47
5	-0,70	-8,94
6	-0,25	-9,30
7	0,20	-9,61
8	0,65	-9,99
9	1,10	-10,43
10	1,55	-10,86
11	2,00	-11,41
12	2,45	-12,16
13	2,90	-12,95
Номера точек для расчёта полинома 2-й степени по формуле Лагранжа: 1  6  11
 Номера точек для расчёта полинома 3-й степени по формуле Ньютона: 1  5  10  12


Номер варианта: 62
№	x	y(x)
1	-3,40	1,93
2	-2,95	1,91
3	-2,50	1,98
4	-2,05	2,28
5	-1,60	2,69
6	-1,15	3,41
7	-0,70	4,22
8	-0,25	5,37
9	0,20	6,86
10	0,65	8,53
11	1,10	10,65
Номера точек для расчёта полинома 2-й степени по формуле Лагранжа: 1  5  9
 Номера точек для расчёта полинома 3-й степени по формуле Ньютона: 1  3  7  10


Номер варианта: 63
№	x	y(x)
1	-3,00	12,10
2	-2,50	7,73
3	-2,00	4,08
4	-1,50	1,11
5	-1,00	-1,12
6	-0,50	-2,91
7	0,00	-4,18
8	0,50	-5,05
9	1,00	-5,58
10	1,50	-5,92
11	2,00	-6,00
12	2,50	-5,95
13	3,00	-5,95
14	3,50	-6,05
Номера точек для расчёта полинома 2-й степени по формуле Лагранжа: 1  7  13
 Номера точек для расчёта полинома 3-й степени по формуле Ньютона: 1  5  10  13


Номер варианта: 64
№	x	y(x)
1	-2,80	-7,24
2	-2,45	-5,07
3	-2,10	-3,07
4	-1,75	-1,17
5	-1,40	0,62
6	-1,05	2,42
7	-0,70	4,08
8	-0,35	5,67
9	0,00	7,34
10	0,35	8,98
11	0,70	10,59
12	1,05	12,29
Номера точек для расчёта полинома 2-й степени по формуле Лагранжа: 1  6  11
 Номера точек для расчёта полинома 3-й степени по формуле Ньютона: 1  3  7  11


Номер варианта: 65
№	x	y(x)
1	-2,20	13,27
2	-1,90	11,85
3	-1,60	10,52
4	-1,30	9,15
5	-1,00	7,85
6	-0,70	6,60
7	-0,40	5,51
8	-0,10	4,41
9	0,20	3,42
10	0,50	2,58
11	0,80	1,87
12	1,10	1,14
13	1,40	0,70
Номера точек для расчёта полинома 2-й степени по формуле Лагранжа: 1  6  11
 Номера точек для расчёта полинома 3-й степени по формуле Ньютона: 1  6  7  12


Номер варианта: 66
№	x	y(x)
1	-2,50	-13,29
2	-2,20	-13,50
3	-1,90	-13,39
4	-1,60	-13,10
5	-1,30	-12,70
6	-1,00	-12,02
7	-0,70	-11,23
8	-0,40	-10,23
9	-0,10	-9,02
10	0,20	-7,73
11	0,50	-6,33
12	0,80	-4,74
13	1,10	-2,97
Номера точек для расчёта полинома 2-й степени по формуле Лагранжа: 1  6  11
 Номера точек для расчёта полинома 3-й степени по формуле Ньютона: 1  4  9  12


Номер варианта: 67
№	x	y(x)
1	-2,40	-3,34
2	-2,15	-3,30
3	-1,90	-3,33
4	-1,65	-3,28
5	-1,40	-3,29
6	-1,15	-3,43
7	-0,90	-3,47
8	-0,65	-3,59
9	-0,40	-3,71
10	-0,15	-3,84
11	0,10	-4,03
12	0,35	-4,22
13	0,60	-4,43
14	0,85	-4,69
15	1,10	-4,95
Номера точек для расчёта полинома 2-й степени по формуле Лагранжа: 1  7  13
 Номера точек для расчёта полинома 3-й степени по формуле Ньютона: 1  4  7  14


Номер варианта: 68
№	x	y(x)
1	-3,00	-16,77
2	-2,60	-14,86
3	-2,20	-12,99
4	-1,80	-11,08
5	-1,40	-9,07
6	-1,00	-7,20
7	-0,60	-5,23
8	-0,20	-3,24
9	0,20	-1,28
10	0,60	0,67
11	1,00	2,65
12	1,40	4,61
13	1,80	6,68
14	2,20	8,65
Номера точек для расчёта полинома 2-й степени по формуле Лагранжа: 1  7  13
 Номера точек для расчёта полинома 3-й степени по формуле Ньютона: 1  5  7  13


Номер варианта: 69
№	x	y(x)
1	-3,50	-9,06
2	-3,05	-8,77
3	-2,60	-8,38
4	-2,15	-7,87
5	-1,70	-7,37
6	-1,25	-6,79
7	-0,80	-6,22
8	-0,35	-5,72
9	0,10	-5,26
10	0,55	-4,88
11	1,00	-4,59
12	1,45	-4,43
13	1,90	-4,34
14	2,35	-4,42
Номера точек для расчёта полинома 2-й степени по формуле Лагранжа: 1  7  13
 Номера точек для расчёта полинома 3-й степени по формуле Ньютона: 1  5  10  13


Номер варианта: 70
№	x	y(x)
1	-2,10	5,77
2	-1,55	3,56
3	-1,00	1,44
4	-0,45	-0,90
5	0,10	-3,56
6	0,65	-6,48
7	1,20	-9,75
8	1,75	-13,63
9	2,30	-17,99
10	2,85	-23,07
11	3,40	-28,89
12	3,95	-35,50
13	4,50	-43,02
Номера точек для расчёта полинома 2-й степени по формуле Лагранжа: 1  6  11
 Номера точек для расчёта полинома 3-й степени по формуле Ньютона: 1  6  8  12


Номер варианта: 71
№	x	y(x)
1	-2,50	26,37
2	-2,15	23,14
3	-1,80	20,22
4	-1,45	17,53
5	-1,10	15,06
6	-0,75	12,85
7	-0,40	10,81
8	-0,05	8,98
9	0,30	7,26
10	0,65	5,76
11	1,00	4,43
12	1,35	3,19
13	1,70	2,07
14	2,05	1,17
15	2,40	0,27
Номера точек для расчёта полинома 2-й степени по формуле Лагранжа: 1  7  13
 Номера точек для расчёта полинома 3-й степени по формуле Ньютона: 1  4  11  14


Номер варианта: 72
№	x	y(x)
1	-1,70	-7,37
2	-1,45	-7,40
3	-1,20	-7,52
4	-0,95	-7,52
5	-0,70	-7,62
6	-0,45	-7,59
7	-0,20	-7,61
8	0,05	-7,51
9	0,30	-7,47
10	0,55	-7,35
11	0,80	-7,20
12	1,05	-6,96
13	1,30	-6,76
14	1,55	-6,52
15	1,80	-6,22
16	2,05	-5,91
Номера точек для расчёта полинома 2-й степени по формуле Лагранжа: 1  8  15
 Номера точек для расчёта полинома 3-й степени по формуле Ньютона: 1  5  11  15


Номер варианта: 73
№	x	y(x)
1	-3,30	-24,78
2	-2,85	-21,03
3	-2,40	-17,76
4	-1,95	-14,94
5	-1,50	-12,45
6	-1,05	-10,41
7	-0,60	-8,58
8	-0,15	-7,02
9	0,30	-5,69
10	0,75	-4,63
11	1,20	-3,58
12	1,65	-2,67
Номера точек для расчёта полинома 2-й степени по формуле Лагранжа: 1  6  11
 Номера точек для расчёта полинома 3-й степени по формуле Ньютона: 1  4  6  11


Номер варианта: 74
№	x	y(x)
1	-2,40	-14,10
2	-2,15	-12,77
3	-1,90	-11,54
4	-1,65	-10,28
5	-1,40	-9,14
6	-1,15	-8,02
7	-0,90	-6,86
8	-0,65	-5,78
9	-0,40	-4,69
10	-0,15	-3,59
11	0,10	-2,57
12	0,35	-1,53
13	0,60	-0,53
14	0,85	0,54
15	1,10	1,48
16	1,35	2,59
Номера точек для расчёта полинома 2-й степени по формуле Лагранжа: 1  8  15
 Номера точек для расчёта полинома 3-й степени по формуле Ньютона: 1  4  10  15


Номер варианта: 75
№	x	y(x)
1	-2,00	5,36
2	-1,60	4,76
3	-1,20	4,14
4	-0,80	3,54
5	-0,40	2,84
6	0,00	2,38
7	0,40	1,92
8	0,80	1,56
9	1,20	1,47
10	1,60	1,46
11	2,00	1,66
Номера точек для расчёта полинома 2-й степени по формуле Лагранжа: 1  5  9
 Номера точек для расчёта полинома 3-й степени по формуле Ньютона: 1  3  8  10


Номер варианта: 76
№	x	y(x)
1	-3,40	5,87
2	-3,10	3,66
3	-2,80	1,77
4	-2,50	0,17
5	-2,20	-1,20
6	-1,90	-2,44
7	-1,60	-3,36
8	-1,30	-4,02
9	-1,00	-4,62
10	-0,70	-4,97
11	-0,40	-5,21
12	-0,10	-5,28
13	0,20	-5,25
Номера точек для расчёта полинома 2-й степени по формуле Лагранжа: 1  6  11
 Номера точек для расчёта полинома 3-й степени по формуле Ньютона: 1  2  7  12


Номер варианта: 77
№	x	y(x)
1	-2,50	5,17
2	-2,10	4,84
3	-1,70	4,24
4	-1,30	3,50
5	-0,90	2,53
6	-0,50	1,56
7	-0,10	0,38
8	0,30	-0,87
9	0,70	-2,15
10	1,10	-3,48
11	1,50	-4,88
12	1,90	-6,30
13	2,30	-7,69
14	2,70	-9,13
Номера точек для расчёта полинома 2-й степени по формуле Лагранжа: 1  7  13
 Номера точек для расчёта полинома 3-й степени по формуле Ньютона: 1  3  6  13


Номер варианта: 78
№	x	y(x)
1	-1,60	-2,88
2	-1,05	-2,28
3	-0,50	-1,05
4	0,05	0,56
5	0,60	2,60
6	1,15	4,99
7	1,70	7,86
8	2,25	11,11
9	2,80	14,88
10	3,35	19,38
11	3,90	24,82
12	4,45	31,61
Номера точек для расчёта полинома 2-й степени по формуле Лагранжа: 1  6  11
 Номера точек для расчёта полинома 3-й степени по формуле Ньютона: 1  5  8  11


Номер варианта: 79
№	x	y(x)
1	-2,50	1,92
2	-2,20	2,51
3	-1,90	3,03
4	-1,60	3,66
5	-1,30	4,22
6	-1,00	4,79
7	-0,70	5,32
8	-0,40	5,97
9	-0,10	6,45
10	0,20	6,94
11	0,50	7,51
12	0,80	7,91
13	1,10	8,43
14	1,40	8,78
15	1,70	9,13
16	2,00	9,43
Номера точек для расчёта полинома 2-й степени по формуле Лагранжа: 1  8  15
 Номера точек для расчёта полинома 3-й степени по формуле Ньютона: 1  5  10  15


Номер варианта: 80
№	x	y(x)
1	-2,30	1,28
2	-1,90	1,78
3	-1,50	2,38
4	-1,10	3,00
5	-0,70	3,76
6	-0,30	4,83
7	0,10	5,97
8	0,50	7,41
9	0,90	9,13
10	1,30	11,20
11	1,70	13,49
12	2,10	16,14
13	2,50	19,16
14	2,90	22,47
15	3,30	26,04
Номера точек для расчёта полинома 2-й степени по формуле Лагранжа: 1  7  13
 Номера точек для расчёта полинома 3-й степени по формуле Ньютона: 1  5  9  14


Номер варианта: 81
№	x	y(x)
1	-2,60	-10,37
2	-2,05	-7,53
3	-1,50	-5,38
4	-0,95	-3,66
5	-0,40	-2,37
6	0,15	-1,30
7	0,70	-0,45
8	1,25	0,29
9	1,80	0,88
10	2,35	1,39
11	2,90	1,84
12	3,45	2,13
13	4,00	2,39
14	4,55	2,25
15	5,10	1,90
Номера точек для расчёта полинома 2-й степени по формуле Лагранжа: 1  7  13
 Номера точек для расчёта полинома 3-й степени по формуле Ньютона: 1  7  10  14


Номер варианта: 82
№	x	y(x)
1	-1,50	-1,65
2	-1,10	-3,13
3	-0,70	-4,74
4	-0,30	-6,18
5	0,10	-7,75
6	0,50	-9,30
7	0,90	-10,69
8	1,30	-12,17
9	1,70	-13,53
10	2,10	-14,77
11	2,50	-16,00
12	2,90	-17,26
13	3,30	-18,30
14	3,70	-19,41
15	4,10	-20,50
16	4,50	-21,42
Номера точек для расчёта полинома 2-й степени по формуле Лагранжа: 1  8  15
 Номера точек для расчёта полинома 3-й степени по формуле Ньютона: 1  6  9  15


Номер варианта: 83
№	x	y(x)
1	-1,50	-2,08
2	-1,20	-1,44
3	-0,90	-0,67
4	-0,60	0,23
5	-0,30	1,22
6	0,00	2,46
7	0,30	3,80
8	0,60	5,28
9	0,90	6,84
10	1,20	8,69
11	1,50	10,64
12	1,80	12,86
13	2,10	15,20
14	2,40	17,68
15	2,70	20,46
Номера точек для расчёта полинома 2-й степени по формуле Лагранжа: 1  7  13
 Номера точек для расчёта полинома 3-й степени по формуле Ньютона: 1  4  9  14


Номер варианта: 84
№	x	y(x)
1	-2,50	10,67
2	-2,25	9,29
3	-2,00	7,90
4	-1,75	6,51
5	-1,50	5,33
6	-1,25	4,18
7	-1,00	3,04
8	-0,75	2,11
9	-0,50	1,11
10	-0,25	0,25
11	0,00	-0,47
12	0,25	-1,22
13	0,50	-1,74
Номера точек для расчёта полинома 2-й степени по формуле Лагранжа: 1  6  11
 Номера точек для расчёта полинома 3-й степени по формуле Ньютона: 1  4  9  12


Номер варианта: 85
№	x	y(x)
1	-2,30	-16,25
2	-1,95	-14,36
3	-1,60	-12,73
4	-1,25	-11,54
5	-0,90	-10,50
6	-0,55	-9,76
7	-0,20	-9,23
8	0,15	-8,93
9	0,50	-8,65
10	0,85	-8,65
11	1,20	-8,66
12	1,55	-8,87
13	1,90	-9,07
14	2,25	-9,43
15	2,60	-9,80
Номера точек для расчёта полинома 2-й степени по формуле Лагранжа: 1  7  13
 Номера точек для расчёта полинома 3-й степени по формуле Ньютона: 1  3  8  14


Номер варианта: 86
№	x	y(x)
1	-1,80	5,09
2	-1,45	3,34
3	-1,10	1,71
4	-0,75	0,28
5	-0,40	-1,03
6	-0,05	-2,13
7	0,30	-2,97
8	0,65	-3,64
9	1,00	-4,17
10	1,35	-4,44
11	1,70	-4,56
12	2,05	-4,35
13	2,40	-4,00
14	2,75	-3,35
15	3,10	-2,61
16	3,45	-1,57
Номера точек для расчёта полинома 2-й степени по формуле Лагранжа: 1  8  15
 Номера точек для расчёта полинома 3-й степени по формуле Ньютона: 1  5  9  15


Номер варианта: 87
№	x	y(x)
1	-2,10	-3,75
2	-1,65	-4,38
3	-1,20	-5,29
4	-0,75	-6,46
5	-0,30	-7,88
6	0,15	-9,71
7	0,60	-11,82
8	1,05	-14,34
9	1,50	-17,25
10	1,95	-20,50
11	2,40	-24,26
Номера точек для расчёта полинома 2-й степени по формуле Лагранжа: 1  5  9
 Номера точек для расчёта полинома 3-й степени по формуле Ньютона: 1  4  6  10


Номер варианта: 88
№	x	y(x)
1	-2,80	-6,91
2	-2,45	-5,89
3	-2,10	-5,15
4	-1,75	-4,45
5	-1,40	-4,03
6	-1,05	-3,73
7	-0,70	-3,63
8	-0,35	-3,61
9	0,00	-3,66
10	0,35	-3,95
11	0,70	-4,32
12	1,05	-4,83
13	1,40	-5,38
14	1,75	-6,06
Номера точек для расчёта полинома 2-й степени по формуле Лагранжа: 1  7  13
 Номера точек для расчёта полинома 3-й степени по формуле Ньютона: 1  5  11  13


Номер варианта: 89
№	x	y(x)
1	-2,00	1,98
2	-1,55	-0,05
3	-1,10	-1,88
4	-0,65	-3,49
5	-0,20	-4,80
6	0,25	-5,76
7	0,70	-6,32
8	1,15	-6,53
9	1,60	-6,17
10	2,05	-5,33
11	2,50	-3,70
12	2,95	-1,48
13	3,40	1,67
14	3,85	5,80
15	4,30	10,85
16	4,75	17,02
Номера точек для расчёта полинома 2-й степени по формуле Лагранжа: 1  8  15
 Номера точек для расчёта полинома 3-й степени по формуле Ньютона: 1  3  10  15


Номер варианта: 90
№	x	y(x)
1	-3,20	5,73
2	-2,95	5,06
3	-2,70	4,55
4	-2,45	3,96
5	-2,20	3,51
6	-1,95	3,12
7	-1,70	2,83
8	-1,45	2,60
9	-1,20	2,36
10	-0,95	2,29
11	-0,70	2,22
12	-0,45	2,20
Номера точек для расчёта полинома 2-й степени по формуле Лагранжа: 1  6  11
 Номера точек для расчёта полинома 3-й степени по формуле Ньютона: 1  3  5  11


Номер варианта: 91
№	x	y(x)
1	-3,10	-15,38
2	-2,70	-14,68
3	-2,30	-13,94
4	-1,90	-13,14
5	-1,50	-12,37
6	-1,10	-11,54
7	-0,70	-10,86
8	-0,30	-10,34
9	0,10	-9,83
10	0,50	-9,47
11	0,90	-9,31
12	1,30	-9,26
13	1,70	-9,35
14	2,10	-9,54
Номера точек для расчёта полинома 2-й степени по формуле Лагранжа: 1  7  13
 Номера точек для расчёта полинома 3-й степени по формуле Ньютона: 1  5  8  13


Номер варианта: 92
№	x	y(x)
1	-1,50	-11,61
2	-1,10	-10,49
3	-0,70	-9,12
4	-0,30	-7,60
5	0,10	-5,66
6	0,50	-3,53
7	0,90	-1,10
8	1,30	1,53
9	1,70	4,45
10	2,10	7,70
11	2,50	11,15
Номера точек для расчёта полинома 2-й степени по формуле Лагранжа: 1  5  9
 Номера точек для расчёта полинома 3-й степени по формуле Ньютона: 1  4  9  10


Номер варианта: 93
№	x	y(x)
1	-3,10	15,59
2	-2,85	15,03
3	-2,60	14,49
4	-2,35	13,95
5	-2,10	13,29
6	-1,85	12,74
7	-1,60	12,03
8	-1,35	11,39
9	-1,10	10,68
10	-0,85	9,99
11	-0,60	9,14
12	-0,35	8,35
13	-0,10	7,53
Номера точек для расчёта полинома 2-й степени по формуле Лагранжа: 1  6  11
 Номера точек для расчёта полинома 3-й степени по формуле Ньютона: 1  3  7  12


Номер варианта: 94
№	x	y(x)
1	-2,00	-2,91
2	-1,60	-4,51
3	-1,20	-5,90
4	-0,80	-7,17
5	-0,40	-8,23
6	0,00	-9,00
7	0,40	-9,51
8	0,80	-9,64
9	1,20	-9,48
10	1,60	-8,87
11	2,00	-7,79
12	2,40	-6,25
13	2,80	-4,22
14	3,20	-1,65
Номера точек для расчёта полинома 2-й степени по формуле Лагранжа: 1  7  13
 Номера точек для расчёта полинома 3-й степени по формуле Ньютона: 1  6  10  13


Номер варианта: 95
№	x	y(x)
1	-2,30	-3,40
2	-2,05	-2,52
3	-1,80	-1,69
4	-1,55	-0,75
5	-1,30	0,32
6	-1,05	1,31
7	-0,80	2,40
8	-0,55	3,50
9	-0,30	4,70
10	-0,05	5,88
11	0,20	7,12
12	0,45	8,45
Номера точек для расчёта полинома 2-й степени по формуле Лагранжа: 1  6  11
 Номера точек для расчёта полинома 3-й степени по формуле Ньютона: 1  5  7  11


Номер варианта: 96
№	x	y(x)
1	-2,80	-4,25
2	-2,55	-2,71
3	-2,30	-1,24
4	-2,05	-0,08
5	-1,80	1,09
6	-1,55	1,97
7	-1,30	2,84
8	-1,05	3,44
9	-0,80	3,98
10	-0,55	4,33
11	-0,30	4,63
Номера точек для расчёта полинома 2-й степени по формуле Лагранжа: 1  5  9
 Номера точек для расчёта полинома 3-й степени по формуле Ньютона: 1  4  8  10


Номер варианта: 97
№	x	y(x)
1	-3,20	-0,36
2	-2,75	1,62
3	-2,30	3,26
4	-1,85	4,36
5	-1,40	5,12
6	-0,95	5,36
7	-0,50	5,27
8	-0,05	4,71
9	0,40	3,82
10	0,85	2,59
11	1,30	0,94
12	1,75	-1,12
13	2,20	-3,61
14	2,65	-6,44
15	3,10	-9,68
Номера точек для расчёта полинома 2-й степени по формуле Лагранжа: 1  7  13
 Номера точек для расчёта полинома 3-й степени по формуле Ньютона: 1  4  9  14


Номер варианта: 98
№	x	y(x)
1	-1,90	10,80
2	-1,60	9,96
3	-1,30	9,17
4	-1,00	8,47
5	-0,70	7,85
6	-0,40	7,42
7	-0,10	7,02
8	0,20	6,65
9	0,50	6,31
10	0,80	6,02
11	1,10	5,81
Номера точек для расчёта полинома 2-й степени по формуле Лагранжа: 1  5  9
 Номера точек для расчёта полинома 3-й степени по формуле Ньютона: 1  2  5  10


Номер варианта: 99
№	x	y(x)
1	-2,40	3,44
2	-1,85	0,65
3	-1,30	-1,72
4	-0,75	-3,61
5	-0,20	-5,05
6	0,35	-5,91
7	0,90	-6,18
8	1,45	-5,82
9	2,00	-4,70
10	2,55	-2,76
11	3,10	-0,04
12	3,65	3,69
Номера точек для расчёта полинома 2-й степени по формуле Лагранжа: 1  6  11
 Номера точек для расчёта полинома 3-й степени по формуле Ньютона: 1  5  8  11


Номер варианта: 100
№	x	y(x)
1	-3,10	12,82
2	-2,60	12,69
3	-2,10	12,44
4	-1,60	12,11
5	-1,10	11,61
6	-0,60	11,01
7	-0,10	10,03
8	0,40	8,73
9	0,90	7,07
10	1,40	4,88
11	1,90	2,24
12	2,40	-1,05
Номера точек для расчёта полинома 2-й степени по формуле Лагранжа: 1  6  11
 Номера точек для расчёта полинома 3-й степени по формуле Ньютона: 1  4  8  11


